NA 1 -1 -1 0.03679228574037552 674 5.37415885925293 6.434025287628174 -0.08717688918113708 5.507699966430664 6.620115756988525 0.12550406157970428 6.772863388061523 6.17615270614624 -0.10994361340999603 6.399491310119629 6.5407304763793945 -0.07342853397130966 6.897922515869141 6.434065818786621 0.11102435737848282 6.578879356384277 6.74940824508667 0.25474104285240173 7.047423362731934 6.567783355712891 -0.08707281202077866 7.241168022155762 6.355640888214111 0.05876899138092995 6.054481506347656 7.485866069793701 -0.09825154393911362 6.958736896514893 6.677731037139893 0.12698864936828613 7.305816173553467 6.583272933959961 -0.05954231321811676 7.2305121421813965 6.658184051513672 0.2334476262331009 6.60587215423584 7.243534088134766 0.15967528522014618 6.929418563842773 7.079328536987305 -0.11249268800020218 6.760041236877441 7.442723751068115 0.04247410595417023 6.7005438804626465 7.722977638244629 0.22494123876094818
NA 1 -1 -1 0.6860537528991699 680 17.255680084228516 -3.3718724250793457 -1.480069637298584 17.504575729370117 -3.385223150253296 -0.7830875515937805 17.70594024658203 -3.3387033939361572 0.15767811238765717 17.86784553527832 -3.4309189319610596 -1.3573436737060547 18.12910270690918 -3.3727786540985107 -0.48772528767585754 18.079130172729492 -3.4219307899475098 -1.2875447273254395 18.210063934326172 -3.2849888801574707 -0.4403987526893616 18.111373901367188 -3.3191545009613037 -1.5045286417007446 18.326313018798828 -3.4175140857696533 -0.40780240297317505 18.418920516967773 -3.3506534099578857 -1.2231698036193848
NA 1 -1 -1 0.0 685 17.711946487426758 -3.3998219966888428 -0.6320354342460632 18.722923278808594 -3.4396262168884277 -0.6258286833763123 18.926233291625977 -3.450190782546997 -0.5712229013442993 18.914731979370117 -3.4982707500457764 -0.6502344608306885
NA 1 -1 -1 0.0 686 16.41136360168457 -7.322081565856934 -1.2344874143600464 16.84372329711914 -7.51555061340332 -1.2670938968658447 16.509765625 -7.142274379730225 -1.2931313514709473 16.967060089111328 -7.3406829833984375 -1.3290411233901978
NA 1 -1 -1 0.0 687 22.806550979614258 8.681447982788086 0.41778838634490967 23.258350372314453 8.570738792419434 1.5835216045379639 24.280654907226562 8.873619079589844 0.4520397484302521
NA 1 -1 -1 0.0 688 42.09263610839844 5.37551736831665 -1.0658642053604126 41.10770797729492 5.296925067901611 -0.896629273891449 40.86573791503906 6.9187140464782715 -0.8913508057594299 41.20321273803711 5.585899829864502 0.23853778839111328 41.295841217041016 5.332233428955078 -1.2394381761550903 41.09415817260742 6.710396766662598 -1.2333840131759644
NA 1 -1 -1 0.0 689 36.24884033203125 6.572422981262207 -0.7382844090461731 37.590736389160156 5.840263843536377 -0.6694940328598022 37.60406494140625 6.485967636108398 -0.7227487564086914
NA 1 -1 -1 0.6980814933776855 683 37.04317092895508 7.692540645599365 -1.0011074542999268 36.93241500854492 7.873398780822754 0.3880370855331421 37.30774688720703 7.528916358947754 -0.0004828320525120944 37.67902374267578 7.433864116668701 -1.7631945610046387
NA 1 -1 -1 0.9018750786781311 676 45.062828063964844 -1.1608432531356812 -1.0154588222503662 45.63414001464844 -1.3781837224960327 -0.8397565484046936 44.399478912353516 -1.2162481546401978 -0.7223920822143555
NA 1 -1 -1 0.0 690 60.03325271606445 -1.085540771484375 -0.7366692423820496 60.24161911010742 -0.789667546749115 -0.3105877637863159 60.44356155395508 -0.3607215881347656 0.597999095916748 61.2929573059082 -1.294585108757019 -0.9008769392967224
