NA 1 -1 -1 0.7059205770492554 740 3.6269679069519043 5.2273640632629395 -0.23449020087718964 3.8366966247558594 5.2428765296936035 -0.11815207451581955 4.246699810028076 5.1024980545043945 -0.2239949107170105 4.8845343589782715 5.084291934967041 -0.17014043033123016
NA 1 -1 -1 0.8922397494316101 741 4.694624423980713 5.805566310882568 -0.35773003101348877 4.555172920227051 6.147136688232422 0.40910086035728455 4.814378261566162 6.245696067810059 -0.03715580329298973 5.386359214782715 6.0280280113220215 -0.0984056293964386 5.671232223510742 6.316043853759766 0.21529963612556458 6.261594295501709 6.03054666519165 -0.29135677218437195 5.776700496673584 6.6124444007873535 -0.06888233125209808 6.638598442077637 5.877265453338623 -0.4807130992412567 6.300205707550049 6.464957237243652 0.38788264989852905 6.005551815032959 7.011538028717041 0.20705075562000275 6.065767288208008 6.991448402404785 -0.28556105494499207
NA 1 -1 -1 0.45911145210266113 750 14.296018600463867 7.745988368988037 -0.5528225302696228 15.180787086486816 7.759619235992432 -0.4939233660697937 15.778787612915039 7.7437028884887695 -0.5900606513023376 16.394243240356445 7.718646049499512 -0.59080970287323 16.590160369873047 7.774064064025879 -0.5752196907997131
NA 1 -1 -1 0.7146745920181274 749 14.338373184204102 9.55192756652832 -0.01873057708144188 14.390007972717285 9.60629940032959 -0.671244740486145 14.255057334899902 9.608660697937012 0.4577822685241699 14.931646347045898 9.533565521240234 -0.41727373003959656
NA 1 -1 -1 0.0 751 14.854534149169922 8.915303230285645 -0.08400148898363113 14.903870582580566 8.947279930114746 -0.646869957447052 14.977168083190918 8.734567642211914 0.49446776509284973 15.395556449890137 8.706624984741211 -1.029706358909607 15.68857479095459 8.669476509094238 -0.28754791617393494 15.813252449035645 8.481804847717285 -0.35360610485076904 15.75239086151123 8.573263168334961 -0.9940149188041687 17.09494972229004 8.132806777954102 0.1791919469833374 17.043746948242188 8.06502914428711 -1.5302999019622803 17.06224822998047 8.187840461730957 0.10503637045621872 17.129257202148438 8.044917106628418 -0.49527785181999207
NA 1 -1 -1 0.0 752 20.664892196655273 6.749487400054932 -0.12736696004867554 20.248300552368164 7.744374752044678 -1.5384660959243774 21.06203269958496 7.076673984527588 -0.34186023473739624 21.322708129882812 8.107762336730957 -0.0014990436611697078 21.37574577331543 7.936769962310791 -0.7896831631660461 21.788759231567383 6.666094779968262 -0.9573454260826111 21.983476638793945 7.831521987915039 -0.25152167677879333 22.693389892578125 6.620362281799316 -0.11170411109924316 23.184803009033203 7.039083480834961 0.2585107684135437
NA 1 -1 -1 0.0 753 19.64756202697754 9.73697280883789 0.3254203796386719 19.79026222229004 9.89980411529541 0.2942921221256256 20.06819725036621 9.68324089050293 -0.8773727416992188
NA 1 -1 -1 0.8839718103408813 735 33.397605895996094 -0.620856523513794 -0.7129376530647278 33.97585678100586 0.49058717489242554 -1.2254101037979126 35.0730094909668 0.1692589968442917 -0.8141518235206604 35.7316780090332 -0.24823515117168427 -1.0690847635269165 32.64970779418945 -0.014213084243237972 0.13290490210056305 32.74676513671875 -0.11450699716806412 -1.5960158109664917 32.7409553527832 0.6221528649330139 -1.595721960067749 32.739253997802734 -0.059988461434841156 -1.3114200830459595
NA 1 -1 -1 0.0 754 39.5106315612793 -4.65413761138916 -0.5090851187705994 39.92418670654297 -4.683635234832764 -0.08367133140563965 40.289363861083984 -4.5626749992370605 -0.31493625044822693 40.00779724121094 -4.520582675933838 -1.8593807220458984
NA 1 -1 -1 0.0 755 47.53959655761719 0.23238083720207214 -0.8288379311561584 48.13471603393555 0.007787225302308798 -0.8786098957061768 44.936344146728516 0.2987343370914459 -0.9451327323913574 45.13309097290039 0.2550089657306671 -1.1029045581817627 46.538997650146484 -0.19397641718387604 -0.8616260290145874 45.93975830078125 0.06233430281281471 -0.8324755430221558
