NA 1 -1 -1 0.685601532459259 898 3.219809055328369 4.535892009735107 -0.08331537991762161 3.2627155780792236 4.746957778930664 -0.1367814987897873 3.3288049697875977 4.942967414855957 -0.15332695841789246 3.946122884750366 4.73112678527832 -0.009675050154328346 4.296008110046387 4.486819267272949 0.26628613471984863 5.136979103088379 4.916200160980225 0.5889922380447388 5.014163017272949 5.054211139678955 0.5217403173446655 5.115883827209473 4.986151695251465 0.30830296874046326 5.848395824432373 5.906362533569336 0.6165046691894531 6.190247058868408 5.96425199508667 0.6369614601135254 6.122010707855225 5.991616725921631 0.66689532995224 6.51597785949707 6.281289100646973 0.5947024822235107
NA 1 -1 -1 0.6631628274917603 902 13.679195404052734 -3.500441551208496 -0.773745596408844 13.694162368774414 -3.4933345317840576 -0.5092533826828003 13.743021011352539 -3.6018710136413574 0.16366003453731537 14.239754676818848 -3.8089287281036377 0.2516665458679199 14.210869789123535 -3.924050807952881 0.048837535083293915 14.24523639678955 -3.814739227294922 -1.6268306970596313 14.476714134216309 -3.693148612976074 0.24485063552856445 14.60539722442627 -3.928616762161255 -0.7167513966560364
NA 1 -1 -1 0.0 911 17.0235538482666 -3.4435875415802 -1.0501372814178467 17.136709213256836 -3.6902244091033936 0.03164208307862282 17.271530151367188 -3.605233907699585 -1.8275303840637207
NA 1 -1 -1 0.8180158138275146 908 17.523170471191406 -6.240854740142822 -0.7350762486457825 17.336788177490234 -6.270321846008301 -0.6551809906959534 18.389041900634766 -6.119758605957031 -0.8581238985061646
NA 1 -1 -1 0.0 912 27.5073184967041 12.605152130126953 -2.105435371398926 28.54781723022461 13.166460037231445 -0.6687596440315247 26.542688369750977 12.826168060302734 -0.5615797638893127 26.542688369750977 12.826168060302734 -0.5615797638893127 26.528783798217773 12.791059494018555 -1.7942038774490356 26.528783798217773 12.791059494018555 -1.7942038774490356 27.784912109375 12.687036514282227 -0.3045543432235718
NA 1 -1 -1 0.0 913 23.162696838378906 12.587977409362793 -0.4931933879852295 23.100610733032227 12.616828918457031 -1.6898038387298584 24.076934814453125 12.759521484375 -1.5744683742523193 24.103679656982422 12.859485626220703 -0.07237304747104645
NA 1 -1 -1 0.8104346394538879 906 29.399940490722656 -0.25260093808174133 -1.6801304817199707 29.439455032348633 -0.005315068643540144 -1.7193437814712524 29.999441146850586 -0.08975470066070557 -0.8982831835746765 30.279788970947266 0.6451730728149414 -1.8183636665344238
NA 1 -1 -1 0.0 914 30.039567947387695 10.553357124328613 -0.32136356830596924 30.370925903320312 10.624174118041992 0.05746762454509735 30.54736328125 10.62246036529541 -0.3981022238731384
NA 1 -1 -1 0.0 915 32.50630187988281 10.706297874450684 -0.9239622354507446 32.660926818847656 10.586194038391113 -2.1747663021087646 32.80563735961914 10.789206504821777 -0.7824363708496094 33.02953338623047 10.81169605255127 -2.3807709217071533 33.07328796386719 10.705108642578125 -0.08965599536895752 33.08309555053711 10.795002937316895 -0.9065929055213928 33.37015151977539 10.654483795166016 -1.1835505962371826
NA 1 -1 -1 0.0 916 37.286766052246094 11.321127891540527 -1.4499821662902832 37.90058135986328 11.199332237243652 -1.2978771924972534 37.87201690673828 11.361978530883789 -0.5507795810699463
